(kicad_pcb (version 20171130) (host pcbnew 5.1.5-52549c5~84~ubuntu18.04.1)

  (general
    (thickness 1.6)
    (drawings 19)
    (tracks 107)
    (zones 0)
    (modules 22)
    (nets 25)
  )

  (page A4)
  (title_block
    (title "Oscillator Carrier Board")
    (date 2020-02-02)
    (rev 1)
    (comment 1 creativecommons.org/licenses/by/4.0/)
    (comment 2 "License: CC by 4.0")
    (comment 3 "Author: Jordan Aceto")
  )

  (layers
    (0 F.Cu signal)
    (31 B.Cu signal)
    (32 B.Adhes user)
    (33 F.Adhes user)
    (34 B.Paste user)
    (35 F.Paste user)
    (36 B.SilkS user)
    (37 F.SilkS user)
    (38 B.Mask user)
    (39 F.Mask user)
    (40 Dwgs.User user)
    (41 Cmts.User user)
    (42 Eco1.User user)
    (43 Eco2.User user)
    (44 Edge.Cuts user)
    (45 Margin user)
    (46 B.CrtYd user)
    (47 F.CrtYd user)
    (48 B.Fab user)
    (49 F.Fab user hide)
  )

  (setup
    (last_trace_width 0.25)
    (trace_clearance 0.2)
    (zone_clearance 0.508)
    (zone_45_only no)
    (trace_min 0.2)
    (via_size 0.8)
    (via_drill 0.4)
    (via_min_size 0.4)
    (via_min_drill 0.3)
    (uvia_size 0.3)
    (uvia_drill 0.1)
    (uvias_allowed no)
    (uvia_min_size 0.2)
    (uvia_min_drill 0.1)
    (edge_width 0.05)
    (segment_width 0.2)
    (pcb_text_width 0.3)
    (pcb_text_size 1.5 1.5)
    (mod_edge_width 0.12)
    (mod_text_size 1 1)
    (mod_text_width 0.15)
    (pad_size 3.2 3.2)
    (pad_drill 3.2)
    (pad_to_mask_clearance 0.051)
    (solder_mask_min_width 0.25)
    (aux_axis_origin 0 0)
    (visible_elements FFFFFF7F)
    (pcbplotparams
      (layerselection 0x010fc_ffffffff)
      (usegerberextensions false)
      (usegerberattributes false)
      (usegerberadvancedattributes false)
      (creategerberjobfile false)
      (excludeedgelayer true)
      (linewidth 0.100000)
      (plotframeref false)
      (viasonmask false)
      (mode 1)
      (useauxorigin false)
      (hpglpennumber 1)
      (hpglpenspeed 20)
      (hpglpendiameter 15.000000)
      (psnegative false)
      (psa4output false)
      (plotreference true)
      (plotvalue true)
      (plotinvisibletext false)
      (padsonsilk false)
      (subtractmaskfromsilk false)
      (outputformat 1)
      (mirror false)
      (drillshape 1)
      (scaleselection 1)
      (outputdirectory ""))
  )

  (net 0 "")
  (net 1 GND)
  (net 2 "Net-(J1-Pad3)")
  (net 3 "Net-(J2-Pad3)")
  (net 4 "Net-(J3-Pad3)")
  (net 5 "Net-(J13-Pad1)")
  (net 6 "Net-(J5-Pad3)")
  (net 7 "Net-(J15-Pad1)")
  (net 8 "Net-(J6-Pad2)")
  (net 9 "Net-(J7-Pad2)")
  (net 10 "Net-(J15-Pad2)")
  (net 11 "Net-(j8-Pad2)")
  (net 12 "Net-(J15-Pad3)")
  (net 13 "Net-(J15-Pad4)")
  (net 14 "Net-(J9-Pad2)")
  (net 15 "Net-(J10-Pad1)")
  (net 16 "Net-(J10-Pad2)")
  (net 17 "Net-(J10-Pad3)")
  (net 18 "Net-(J10-Pad5)")
  (net 19 "Net-(J11-Pad2)")
  (net 20 "Net-(J12-Pad1)")
  (net 21 "Net-(J14-Pad1)")
  (net 22 "Net-(J14-Pad2)")
  (net 23 "Net-(J14-Pad3)")
  (net 24 "Net-(J14-Pad5)")

  (net_class Default "This is the default net class."
    (clearance 0.2)
    (trace_width 0.25)
    (via_dia 0.8)
    (via_drill 0.4)
    (uvia_dia 0.3)
    (uvia_drill 0.1)
    (add_net GND)
    (add_net "Net-(J1-Pad3)")
    (add_net "Net-(J10-Pad1)")
    (add_net "Net-(J10-Pad2)")
    (add_net "Net-(J10-Pad3)")
    (add_net "Net-(J10-Pad5)")
    (add_net "Net-(J11-Pad2)")
    (add_net "Net-(J12-Pad1)")
    (add_net "Net-(J13-Pad1)")
    (add_net "Net-(J14-Pad1)")
    (add_net "Net-(J14-Pad2)")
    (add_net "Net-(J14-Pad3)")
    (add_net "Net-(J14-Pad5)")
    (add_net "Net-(J15-Pad1)")
    (add_net "Net-(J15-Pad2)")
    (add_net "Net-(J15-Pad3)")
    (add_net "Net-(J15-Pad4)")
    (add_net "Net-(J2-Pad3)")
    (add_net "Net-(J3-Pad3)")
    (add_net "Net-(J5-Pad3)")
    (add_net "Net-(J6-Pad2)")
    (add_net "Net-(J7-Pad2)")
    (add_net "Net-(J9-Pad2)")
    (add_net "Net-(j8-Pad2)")
  )

  (module MountingHole:MountingHole_3.2mm_M3 (layer F.Cu) (tedit 5E370BC8) (tstamp 5E37878D)
    (at 152.4 63.5)
    (descr "Mounting Hole 3.2mm, no annular, M3")
    (tags "mounting hole 3.2mm no annular m3")
    (attr virtual)
    (fp_text reference REF** (at 0 -4.2) (layer F.SilkS) hide
      (effects (font (size 1 1) (thickness 0.15)))
    )
    (fp_text value MountingHole_3.2mm_M3 (at 0 4.2) (layer F.Fab)
      (effects (font (size 1 1) (thickness 0.15)))
    )
    (fp_circle (center 0 0) (end 3.45 0) (layer F.CrtYd) (width 0.05))
    (fp_circle (center 0 0) (end 3.2 0) (layer Cmts.User) (width 0.15))
    (fp_text user %R (at 0.3 0) (layer F.Fab)
      (effects (font (size 1 1) (thickness 0.15)))
    )
    (pad 1 thru_hole circle (at 0 0) (size 3.2 3.2) (drill 3.2) (layers *.Cu *.Mask))
  )

  (module Eurocad:PJ301M-12 (layer F.Cu) (tedit 5819F691) (tstamp 5E375D32)
    (at 110.49 121.92)
    (path /5E371F7D)
    (fp_text reference J1 (at 4.064 5.588) (layer F.SilkS)
      (effects (font (size 1 1) (thickness 0.15)))
    )
    (fp_text value 1v_per_oct_in (at 0 -7.112) (layer F.Fab)
      (effects (font (size 1 1) (thickness 0.15)))
    )
    (fp_line (start -1.8 0) (end 1.8 0) (layer F.SilkS) (width 0.15))
    (fp_line (start 0 -1.8) (end 0 1.8) (layer F.SilkS) (width 0.15))
    (fp_circle (center 0 0) (end 1.8 0) (layer F.SilkS) (width 0.15))
    (fp_line (start 4.5 -6.2) (end 4.5 4.7) (layer F.SilkS) (width 0.15))
    (fp_line (start -4.5 -6.2) (end -4.5 4.7) (layer F.SilkS) (width 0.15))
    (fp_line (start -4.5 4.7) (end 4.5 4.7) (layer F.SilkS) (width 0.15))
    (fp_line (start -4.5 -6.2) (end 4.5 -6.2) (layer F.SilkS) (width 0.15))
    (pad 2 thru_hole circle (at 0 3.38) (size 1.8 1.8) (drill 1.6) (layers *.Cu *.Mask F.SilkS)
      (net 1 GND))
    (pad 1 thru_hole circle (at 0 6.48) (size 1.8 1.8) (drill 1.6) (layers *.Cu *.Mask F.SilkS)
      (net 1 GND))
    (pad 3 thru_hole circle (at 0 -4.92) (size 1.8 1.8) (drill 1.6) (layers *.Cu *.Mask F.SilkS)
      (net 2 "Net-(J1-Pad3)"))
  )

  (module Eurocad:PJ301M-12 (layer F.Cu) (tedit 5819F691) (tstamp 5E375D40)
    (at 123.19 121.92)
    (path /5E371D06)
    (fp_text reference J2 (at 4.064 5.588) (layer F.SilkS)
      (effects (font (size 1 1) (thickness 0.15)))
    )
    (fp_text value expo_fm_in (at 0 -7.112) (layer F.Fab)
      (effects (font (size 1 1) (thickness 0.15)))
    )
    (fp_line (start -4.5 -6.2) (end 4.5 -6.2) (layer F.SilkS) (width 0.15))
    (fp_line (start -4.5 4.7) (end 4.5 4.7) (layer F.SilkS) (width 0.15))
    (fp_line (start -4.5 -6.2) (end -4.5 4.7) (layer F.SilkS) (width 0.15))
    (fp_line (start 4.5 -6.2) (end 4.5 4.7) (layer F.SilkS) (width 0.15))
    (fp_circle (center 0 0) (end 1.8 0) (layer F.SilkS) (width 0.15))
    (fp_line (start 0 -1.8) (end 0 1.8) (layer F.SilkS) (width 0.15))
    (fp_line (start -1.8 0) (end 1.8 0) (layer F.SilkS) (width 0.15))
    (pad 3 thru_hole circle (at 0 -4.92) (size 1.8 1.8) (drill 1.6) (layers *.Cu *.Mask F.SilkS)
      (net 3 "Net-(J2-Pad3)"))
    (pad 1 thru_hole circle (at 0 6.48) (size 1.8 1.8) (drill 1.6) (layers *.Cu *.Mask F.SilkS)
      (net 1 GND))
    (pad 2 thru_hole circle (at 0 3.38) (size 1.8 1.8) (drill 1.6) (layers *.Cu *.Mask F.SilkS)
      (net 1 GND))
  )

  (module Eurocad:PJ301M-12 (layer F.Cu) (tedit 5819F691) (tstamp 5E375D4E)
    (at 135.89 121.92)
    (path /5E3C8F21)
    (fp_text reference J3 (at 4.064 5.588) (layer F.SilkS)
      (effects (font (size 1 1) (thickness 0.15)))
    )
    (fp_text value lin_fm_in (at 0 -7.112) (layer F.Fab)
      (effects (font (size 1 1) (thickness 0.15)))
    )
    (fp_line (start -1.8 0) (end 1.8 0) (layer F.SilkS) (width 0.15))
    (fp_line (start 0 -1.8) (end 0 1.8) (layer F.SilkS) (width 0.15))
    (fp_circle (center 0 0) (end 1.8 0) (layer F.SilkS) (width 0.15))
    (fp_line (start 4.5 -6.2) (end 4.5 4.7) (layer F.SilkS) (width 0.15))
    (fp_line (start -4.5 -6.2) (end -4.5 4.7) (layer F.SilkS) (width 0.15))
    (fp_line (start -4.5 4.7) (end 4.5 4.7) (layer F.SilkS) (width 0.15))
    (fp_line (start -4.5 -6.2) (end 4.5 -6.2) (layer F.SilkS) (width 0.15))
    (pad 2 thru_hole circle (at 0 3.38) (size 1.8 1.8) (drill 1.6) (layers *.Cu *.Mask F.SilkS)
      (net 1 GND))
    (pad 1 thru_hole circle (at 0 6.48) (size 1.8 1.8) (drill 1.6) (layers *.Cu *.Mask F.SilkS)
      (net 1 GND))
    (pad 3 thru_hole circle (at 0 -4.92) (size 1.8 1.8) (drill 1.6) (layers *.Cu *.Mask F.SilkS)
      (net 4 "Net-(J3-Pad3)"))
  )

  (module Eurocad:PJ301M-12 (layer F.Cu) (tedit 5819F691) (tstamp 5E375D5C)
    (at 148.59 121.92)
    (path /5E3718CA)
    (fp_text reference J4 (at 4.064 5.588) (layer F.SilkS)
      (effects (font (size 1 1) (thickness 0.15)))
    )
    (fp_text value sync_in (at 0 -7.112) (layer F.Fab)
      (effects (font (size 1 1) (thickness 0.15)))
    )
    (fp_line (start -1.8 0) (end 1.8 0) (layer F.SilkS) (width 0.15))
    (fp_line (start 0 -1.8) (end 0 1.8) (layer F.SilkS) (width 0.15))
    (fp_circle (center 0 0) (end 1.8 0) (layer F.SilkS) (width 0.15))
    (fp_line (start 4.5 -6.2) (end 4.5 4.7) (layer F.SilkS) (width 0.15))
    (fp_line (start -4.5 -6.2) (end -4.5 4.7) (layer F.SilkS) (width 0.15))
    (fp_line (start -4.5 4.7) (end 4.5 4.7) (layer F.SilkS) (width 0.15))
    (fp_line (start -4.5 -6.2) (end 4.5 -6.2) (layer F.SilkS) (width 0.15))
    (pad 2 thru_hole circle (at 0 3.38) (size 1.8 1.8) (drill 1.6) (layers *.Cu *.Mask F.SilkS)
      (net 1 GND))
    (pad 1 thru_hole circle (at 0 6.48) (size 1.8 1.8) (drill 1.6) (layers *.Cu *.Mask F.SilkS)
      (net 1 GND))
    (pad 3 thru_hole circle (at 0 -4.92) (size 1.8 1.8) (drill 1.6) (layers *.Cu *.Mask F.SilkS)
      (net 5 "Net-(J13-Pad1)"))
  )

  (module Eurocad:PJ301M-12 (layer F.Cu) (tedit 5819F691) (tstamp 5E375D6A)
    (at 161.29 121.92)
    (path /5E3FEA4C)
    (fp_text reference J5 (at 4.064 5.588) (layer F.SilkS)
      (effects (font (size 1 1) (thickness 0.15)))
    )
    (fp_text value pwm_in (at 0 -7.112) (layer F.Fab)
      (effects (font (size 1 1) (thickness 0.15)))
    )
    (fp_line (start -4.5 -6.2) (end 4.5 -6.2) (layer F.SilkS) (width 0.15))
    (fp_line (start -4.5 4.7) (end 4.5 4.7) (layer F.SilkS) (width 0.15))
    (fp_line (start -4.5 -6.2) (end -4.5 4.7) (layer F.SilkS) (width 0.15))
    (fp_line (start 4.5 -6.2) (end 4.5 4.7) (layer F.SilkS) (width 0.15))
    (fp_circle (center 0 0) (end 1.8 0) (layer F.SilkS) (width 0.15))
    (fp_line (start 0 -1.8) (end 0 1.8) (layer F.SilkS) (width 0.15))
    (fp_line (start -1.8 0) (end 1.8 0) (layer F.SilkS) (width 0.15))
    (pad 3 thru_hole circle (at 0 -4.92) (size 1.8 1.8) (drill 1.6) (layers *.Cu *.Mask F.SilkS)
      (net 6 "Net-(J5-Pad3)"))
    (pad 1 thru_hole circle (at 0 6.48) (size 1.8 1.8) (drill 1.6) (layers *.Cu *.Mask F.SilkS)
      (net 1 GND))
    (pad 2 thru_hole circle (at 0 3.38) (size 1.8 1.8) (drill 1.6) (layers *.Cu *.Mask F.SilkS)
      (net 1 GND))
  )

  (module Eurocad:PJ301M-12 (layer F.Cu) (tedit 5819F691) (tstamp 5E375D78)
    (at 123.19 139.7)
    (path /5E3722F3)
    (fp_text reference J6 (at 4.064 5.588) (layer F.SilkS)
      (effects (font (size 1 1) (thickness 0.15)))
    )
    (fp_text value sine_out (at 0 -7.112) (layer F.Fab)
      (effects (font (size 1 1) (thickness 0.15)))
    )
    (fp_line (start -4.5 -6.2) (end 4.5 -6.2) (layer F.SilkS) (width 0.15))
    (fp_line (start -4.5 4.7) (end 4.5 4.7) (layer F.SilkS) (width 0.15))
    (fp_line (start -4.5 -6.2) (end -4.5 4.7) (layer F.SilkS) (width 0.15))
    (fp_line (start 4.5 -6.2) (end 4.5 4.7) (layer F.SilkS) (width 0.15))
    (fp_circle (center 0 0) (end 1.8 0) (layer F.SilkS) (width 0.15))
    (fp_line (start 0 -1.8) (end 0 1.8) (layer F.SilkS) (width 0.15))
    (fp_line (start -1.8 0) (end 1.8 0) (layer F.SilkS) (width 0.15))
    (pad 3 thru_hole circle (at 0 -4.92) (size 1.8 1.8) (drill 1.6) (layers *.Cu *.Mask F.SilkS)
      (net 7 "Net-(J15-Pad1)"))
    (pad 1 thru_hole circle (at 0 6.48) (size 1.8 1.8) (drill 1.6) (layers *.Cu *.Mask F.SilkS)
      (net 1 GND))
    (pad 2 thru_hole circle (at 0 3.38) (size 1.8 1.8) (drill 1.6) (layers *.Cu *.Mask F.SilkS)
      (net 8 "Net-(J6-Pad2)"))
  )

  (module Eurocad:PJ301M-12 (layer F.Cu) (tedit 5819F691) (tstamp 5E375D86)
    (at 135.89 139.7)
    (path /5E373C42)
    (fp_text reference J7 (at 4.064 5.588) (layer F.SilkS)
      (effects (font (size 1 1) (thickness 0.15)))
    )
    (fp_text value triangle_out (at 0 -7.112) (layer F.Fab)
      (effects (font (size 1 1) (thickness 0.15)))
    )
    (fp_line (start -1.8 0) (end 1.8 0) (layer F.SilkS) (width 0.15))
    (fp_line (start 0 -1.8) (end 0 1.8) (layer F.SilkS) (width 0.15))
    (fp_circle (center 0 0) (end 1.8 0) (layer F.SilkS) (width 0.15))
    (fp_line (start 4.5 -6.2) (end 4.5 4.7) (layer F.SilkS) (width 0.15))
    (fp_line (start -4.5 -6.2) (end -4.5 4.7) (layer F.SilkS) (width 0.15))
    (fp_line (start -4.5 4.7) (end 4.5 4.7) (layer F.SilkS) (width 0.15))
    (fp_line (start -4.5 -6.2) (end 4.5 -6.2) (layer F.SilkS) (width 0.15))
    (pad 2 thru_hole circle (at 0 3.38) (size 1.8 1.8) (drill 1.6) (layers *.Cu *.Mask F.SilkS)
      (net 9 "Net-(J7-Pad2)"))
    (pad 1 thru_hole circle (at 0 6.48) (size 1.8 1.8) (drill 1.6) (layers *.Cu *.Mask F.SilkS)
      (net 1 GND))
    (pad 3 thru_hole circle (at 0 -4.92) (size 1.8 1.8) (drill 1.6) (layers *.Cu *.Mask F.SilkS)
      (net 10 "Net-(J15-Pad2)"))
  )

  (module Eurocad:PJ301M-12 (layer F.Cu) (tedit 5819F691) (tstamp 5E375D94)
    (at 148.59 139.7)
    (path /5E373EC7)
    (fp_text reference j8 (at 4.064 5.588) (layer F.SilkS)
      (effects (font (size 1 1) (thickness 0.15)))
    )
    (fp_text value saw_out (at 0 -7.112) (layer F.Fab)
      (effects (font (size 1 1) (thickness 0.15)))
    )
    (fp_line (start -1.8 0) (end 1.8 0) (layer F.SilkS) (width 0.15))
    (fp_line (start 0 -1.8) (end 0 1.8) (layer F.SilkS) (width 0.15))
    (fp_circle (center 0 0) (end 1.8 0) (layer F.SilkS) (width 0.15))
    (fp_line (start 4.5 -6.2) (end 4.5 4.7) (layer F.SilkS) (width 0.15))
    (fp_line (start -4.5 -6.2) (end -4.5 4.7) (layer F.SilkS) (width 0.15))
    (fp_line (start -4.5 4.7) (end 4.5 4.7) (layer F.SilkS) (width 0.15))
    (fp_line (start -4.5 -6.2) (end 4.5 -6.2) (layer F.SilkS) (width 0.15))
    (pad 2 thru_hole circle (at 0 3.38) (size 1.8 1.8) (drill 1.6) (layers *.Cu *.Mask F.SilkS)
      (net 11 "Net-(j8-Pad2)"))
    (pad 1 thru_hole circle (at 0 6.48) (size 1.8 1.8) (drill 1.6) (layers *.Cu *.Mask F.SilkS)
      (net 1 GND))
    (pad 3 thru_hole circle (at 0 -4.92) (size 1.8 1.8) (drill 1.6) (layers *.Cu *.Mask F.SilkS)
      (net 12 "Net-(J15-Pad3)"))
  )

  (module Eurocad:PJ301M-12 (layer F.Cu) (tedit 5819F691) (tstamp 5E375DA2)
    (at 161.29 139.7)
    (path /5E374546)
    (fp_text reference J9 (at 4.064 5.588) (layer F.SilkS)
      (effects (font (size 1 1) (thickness 0.15)))
    )
    (fp_text value pulse_out (at 0 -7.112) (layer F.Fab)
      (effects (font (size 1 1) (thickness 0.15)))
    )
    (fp_line (start -4.5 -6.2) (end 4.5 -6.2) (layer F.SilkS) (width 0.15))
    (fp_line (start -4.5 4.7) (end 4.5 4.7) (layer F.SilkS) (width 0.15))
    (fp_line (start -4.5 -6.2) (end -4.5 4.7) (layer F.SilkS) (width 0.15))
    (fp_line (start 4.5 -6.2) (end 4.5 4.7) (layer F.SilkS) (width 0.15))
    (fp_circle (center 0 0) (end 1.8 0) (layer F.SilkS) (width 0.15))
    (fp_line (start 0 -1.8) (end 0 1.8) (layer F.SilkS) (width 0.15))
    (fp_line (start -1.8 0) (end 1.8 0) (layer F.SilkS) (width 0.15))
    (pad 3 thru_hole circle (at 0 -4.92) (size 1.8 1.8) (drill 1.6) (layers *.Cu *.Mask F.SilkS)
      (net 13 "Net-(J15-Pad4)"))
    (pad 1 thru_hole circle (at 0 6.48) (size 1.8 1.8) (drill 1.6) (layers *.Cu *.Mask F.SilkS)
      (net 1 GND))
    (pad 2 thru_hole circle (at 0 3.38) (size 1.8 1.8) (drill 1.6) (layers *.Cu *.Mask F.SilkS)
      (net 14 "Net-(J9-Pad2)"))
  )

  (module Potentiometer_THT:Potentiometer_Alpha_RD901F-40-00D_Single_Vertical_CircularHoles (layer F.Cu) (tedit 5C6C6C48) (tstamp 5E375E4D)
    (at 133.39 67.31 90)
    (descr "Potentiometer, vertical, 9mm, single, http://www.taiwanalpha.com.tw/downloads?target=products&id=113")
    (tags "potentiometer vertical 9mm single")
    (path /5E37DD06)
    (fp_text reference RV1 (at -1.905 2.5) (layer F.SilkS)
      (effects (font (size 1 1) (thickness 0.15)))
    )
    (fp_text value 100k (at 0 10.11 270) (layer F.Fab)
      (effects (font (size 1 1) (thickness 0.15)))
    )
    (fp_line (start 0.88 4.16) (end 0.88 3.33) (layer F.SilkS) (width 0.12))
    (fp_line (start 0.88 1.71) (end 0.88 1.18) (layer F.SilkS) (width 0.12))
    (fp_line (start 0.88 -1.19) (end 0.88 -2.37) (layer F.SilkS) (width 0.12))
    (fp_line (start 0.88 7.37) (end 5.6 7.37) (layer F.SilkS) (width 0.12))
    (fp_line (start 9.41 -2.37) (end 12.47 -2.37) (layer F.SilkS) (width 0.12))
    (fp_line (start 1 7.25) (end 12.35 7.25) (layer F.Fab) (width 0.1))
    (fp_line (start 1 -2.25) (end 12.35 -2.25) (layer F.Fab) (width 0.1))
    (fp_line (start 12.35 7.25) (end 12.35 -2.25) (layer F.Fab) (width 0.1))
    (fp_line (start 1 7.25) (end 1 -2.25) (layer F.Fab) (width 0.1))
    (fp_circle (center 7.5 2.5) (end 7.5 -1) (layer F.Fab) (width 0.1))
    (fp_line (start 0.88 -2.38) (end 5.6 -2.38) (layer F.SilkS) (width 0.12))
    (fp_line (start 9.41 7.37) (end 12.47 7.37) (layer F.SilkS) (width 0.12))
    (fp_line (start 0.88 7.37) (end 0.88 5.88) (layer F.SilkS) (width 0.12))
    (fp_line (start 12.47 7.37) (end 12.47 -2.37) (layer F.SilkS) (width 0.12))
    (fp_line (start 12.6 9.17) (end 12.6 -4.17) (layer F.CrtYd) (width 0.05))
    (fp_line (start 12.6 -4.17) (end -1.15 -4.17) (layer F.CrtYd) (width 0.05))
    (fp_line (start -1.15 -4.17) (end -1.15 9.17) (layer F.CrtYd) (width 0.05))
    (fp_line (start -1.15 9.17) (end 12.6 9.17) (layer F.CrtYd) (width 0.05))
    (fp_text user %R (at 7.62 2.54 90) (layer F.Fab)
      (effects (font (size 1 1) (thickness 0.15)))
    )
    (pad "" thru_hole circle (at 7.5 -2.3 180) (size 3.24 3.24) (drill 1.8) (layers *.Cu *.Mask))
    (pad "" thru_hole circle (at 7.5 7.3 180) (size 3.24 3.24) (drill 1.8) (layers *.Cu *.Mask))
    (pad 3 thru_hole circle (at 0 5 180) (size 1.8 1.8) (drill 1) (layers *.Cu *.Mask)
      (net 17 "Net-(J10-Pad3)"))
    (pad 2 thru_hole circle (at 0 2.5 180) (size 1.8 1.8) (drill 1) (layers *.Cu *.Mask)
      (net 15 "Net-(J10-Pad1)"))
    (pad 1 thru_hole rect (at 0 0 180) (size 1.8 1.8) (drill 1) (layers *.Cu *.Mask)
      (net 18 "Net-(J10-Pad5)"))
    (model ${KISYS3DMOD}/Potentiometer_THT.3dshapes/Potentiometer_Alpha_RD901F-40-00D_Single_Vertical.wrl
      (at (xyz 0 0 0))
      (scale (xyz 1 1 1))
      (rotate (xyz 0 0 0))
    )
  )

  (module Potentiometer_THT:Potentiometer_Alpha_RD901F-40-00D_Single_Vertical_CircularHoles (layer F.Cu) (tedit 5C6C6C48) (tstamp 5E375E69)
    (at 111.8 88.9 90)
    (descr "Potentiometer, vertical, 9mm, single, http://www.taiwanalpha.com.tw/downloads?target=products&id=113")
    (tags "potentiometer vertical 9mm single")
    (path /5E37EAA9)
    (fp_text reference RV2 (at -1.905 2.5) (layer F.SilkS)
      (effects (font (size 1 1) (thickness 0.15)))
    )
    (fp_text value 100k (at 0 10.11 270) (layer F.Fab)
      (effects (font (size 1 1) (thickness 0.15)))
    )
    (fp_text user %R (at 7.62 2.54 90) (layer F.Fab)
      (effects (font (size 1 1) (thickness 0.15)))
    )
    (fp_line (start -1.15 9.17) (end 12.6 9.17) (layer F.CrtYd) (width 0.05))
    (fp_line (start -1.15 -4.17) (end -1.15 9.17) (layer F.CrtYd) (width 0.05))
    (fp_line (start 12.6 -4.17) (end -1.15 -4.17) (layer F.CrtYd) (width 0.05))
    (fp_line (start 12.6 9.17) (end 12.6 -4.17) (layer F.CrtYd) (width 0.05))
    (fp_line (start 12.47 7.37) (end 12.47 -2.37) (layer F.SilkS) (width 0.12))
    (fp_line (start 0.88 7.37) (end 0.88 5.88) (layer F.SilkS) (width 0.12))
    (fp_line (start 9.41 7.37) (end 12.47 7.37) (layer F.SilkS) (width 0.12))
    (fp_line (start 0.88 -2.38) (end 5.6 -2.38) (layer F.SilkS) (width 0.12))
    (fp_circle (center 7.5 2.5) (end 7.5 -1) (layer F.Fab) (width 0.1))
    (fp_line (start 1 7.25) (end 1 -2.25) (layer F.Fab) (width 0.1))
    (fp_line (start 12.35 7.25) (end 12.35 -2.25) (layer F.Fab) (width 0.1))
    (fp_line (start 1 -2.25) (end 12.35 -2.25) (layer F.Fab) (width 0.1))
    (fp_line (start 1 7.25) (end 12.35 7.25) (layer F.Fab) (width 0.1))
    (fp_line (start 9.41 -2.37) (end 12.47 -2.37) (layer F.SilkS) (width 0.12))
    (fp_line (start 0.88 7.37) (end 5.6 7.37) (layer F.SilkS) (width 0.12))
    (fp_line (start 0.88 -1.19) (end 0.88 -2.37) (layer F.SilkS) (width 0.12))
    (fp_line (start 0.88 1.71) (end 0.88 1.18) (layer F.SilkS) (width 0.12))
    (fp_line (start 0.88 4.16) (end 0.88 3.33) (layer F.SilkS) (width 0.12))
    (pad 1 thru_hole rect (at 0 0 180) (size 1.8 1.8) (drill 1) (layers *.Cu *.Mask)
      (net 18 "Net-(J10-Pad5)"))
    (pad 2 thru_hole circle (at 0 2.5 180) (size 1.8 1.8) (drill 1) (layers *.Cu *.Mask)
      (net 16 "Net-(J10-Pad2)"))
    (pad 3 thru_hole circle (at 0 5 180) (size 1.8 1.8) (drill 1) (layers *.Cu *.Mask)
      (net 17 "Net-(J10-Pad3)"))
    (pad "" thru_hole circle (at 7.5 7.3 180) (size 3.24 3.24) (drill 1.8) (layers *.Cu *.Mask))
    (pad "" thru_hole circle (at 7.5 -2.3 180) (size 3.24 3.24) (drill 1.8) (layers *.Cu *.Mask))
    (model ${KISYS3DMOD}/Potentiometer_THT.3dshapes/Potentiometer_Alpha_RD901F-40-00D_Single_Vertical.wrl
      (at (xyz 0 0 0))
      (scale (xyz 1 1 1))
      (rotate (xyz 0 0 0))
    )
  )

  (module Potentiometer_THT:Potentiometer_Alpha_RD901F-40-00D_Single_Vertical_CircularHoles (layer F.Cu) (tedit 5C6C6C48) (tstamp 5E375E85)
    (at 111.8 109.22 90)
    (descr "Potentiometer, vertical, 9mm, single, http://www.taiwanalpha.com.tw/downloads?target=products&id=113")
    (tags "potentiometer vertical 9mm single")
    (path /5E37EFC1)
    (fp_text reference RV3 (at -1.905 2.5) (layer F.SilkS)
      (effects (font (size 1 1) (thickness 0.15)))
    )
    (fp_text value 100k (at 0 10.11 270) (layer F.Fab)
      (effects (font (size 1 1) (thickness 0.15)))
    )
    (fp_line (start 0.88 4.16) (end 0.88 3.33) (layer F.SilkS) (width 0.12))
    (fp_line (start 0.88 1.71) (end 0.88 1.18) (layer F.SilkS) (width 0.12))
    (fp_line (start 0.88 -1.19) (end 0.88 -2.37) (layer F.SilkS) (width 0.12))
    (fp_line (start 0.88 7.37) (end 5.6 7.37) (layer F.SilkS) (width 0.12))
    (fp_line (start 9.41 -2.37) (end 12.47 -2.37) (layer F.SilkS) (width 0.12))
    (fp_line (start 1 7.25) (end 12.35 7.25) (layer F.Fab) (width 0.1))
    (fp_line (start 1 -2.25) (end 12.35 -2.25) (layer F.Fab) (width 0.1))
    (fp_line (start 12.35 7.25) (end 12.35 -2.25) (layer F.Fab) (width 0.1))
    (fp_line (start 1 7.25) (end 1 -2.25) (layer F.Fab) (width 0.1))
    (fp_circle (center 7.5 2.5) (end 7.5 -1) (layer F.Fab) (width 0.1))
    (fp_line (start 0.88 -2.38) (end 5.6 -2.38) (layer F.SilkS) (width 0.12))
    (fp_line (start 9.41 7.37) (end 12.47 7.37) (layer F.SilkS) (width 0.12))
    (fp_line (start 0.88 7.37) (end 0.88 5.88) (layer F.SilkS) (width 0.12))
    (fp_line (start 12.47 7.37) (end 12.47 -2.37) (layer F.SilkS) (width 0.12))
    (fp_line (start 12.6 9.17) (end 12.6 -4.17) (layer F.CrtYd) (width 0.05))
    (fp_line (start 12.6 -4.17) (end -1.15 -4.17) (layer F.CrtYd) (width 0.05))
    (fp_line (start -1.15 -4.17) (end -1.15 9.17) (layer F.CrtYd) (width 0.05))
    (fp_line (start -1.15 9.17) (end 12.6 9.17) (layer F.CrtYd) (width 0.05))
    (fp_text user %R (at 7.62 2.54 90) (layer F.Fab)
      (effects (font (size 1 1) (thickness 0.15)))
    )
    (pad "" thru_hole circle (at 7.5 -2.3 180) (size 3.24 3.24) (drill 1.8) (layers *.Cu *.Mask))
    (pad "" thru_hole circle (at 7.5 7.3 180) (size 3.24 3.24) (drill 1.8) (layers *.Cu *.Mask))
    (pad 3 thru_hole circle (at 0 5 180) (size 1.8 1.8) (drill 1) (layers *.Cu *.Mask)
      (net 3 "Net-(J2-Pad3)"))
    (pad 2 thru_hole circle (at 0 2.5 180) (size 1.8 1.8) (drill 1) (layers *.Cu *.Mask)
      (net 19 "Net-(J11-Pad2)"))
    (pad 1 thru_hole rect (at 0 0 180) (size 1.8 1.8) (drill 1) (layers *.Cu *.Mask)
      (net 1 GND))
    (model ${KISYS3DMOD}/Potentiometer_THT.3dshapes/Potentiometer_Alpha_RD901F-40-00D_Single_Vertical.wrl
      (at (xyz 0 0 0))
      (scale (xyz 1 1 1))
      (rotate (xyz 0 0 0))
    )
  )

  (module Potentiometer_THT:Potentiometer_Alpha_RD901F-40-00D_Single_Vertical_CircularHoles (layer F.Cu) (tedit 5C6C6C48) (tstamp 5E375EA1)
    (at 133.39 109.22 90)
    (descr "Potentiometer, vertical, 9mm, single, http://www.taiwanalpha.com.tw/downloads?target=products&id=113")
    (tags "potentiometer vertical 9mm single")
    (path /5E3C8F27)
    (fp_text reference RV4 (at -1.905 2.5) (layer F.SilkS)
      (effects (font (size 1 1) (thickness 0.15)))
    )
    (fp_text value 100k (at 0 10.11 270) (layer F.Fab)
      (effects (font (size 1 1) (thickness 0.15)))
    )
    (fp_line (start 0.88 4.16) (end 0.88 3.33) (layer F.SilkS) (width 0.12))
    (fp_line (start 0.88 1.71) (end 0.88 1.18) (layer F.SilkS) (width 0.12))
    (fp_line (start 0.88 -1.19) (end 0.88 -2.37) (layer F.SilkS) (width 0.12))
    (fp_line (start 0.88 7.37) (end 5.6 7.37) (layer F.SilkS) (width 0.12))
    (fp_line (start 9.41 -2.37) (end 12.47 -2.37) (layer F.SilkS) (width 0.12))
    (fp_line (start 1 7.25) (end 12.35 7.25) (layer F.Fab) (width 0.1))
    (fp_line (start 1 -2.25) (end 12.35 -2.25) (layer F.Fab) (width 0.1))
    (fp_line (start 12.35 7.25) (end 12.35 -2.25) (layer F.Fab) (width 0.1))
    (fp_line (start 1 7.25) (end 1 -2.25) (layer F.Fab) (width 0.1))
    (fp_circle (center 7.5 2.5) (end 7.5 -1) (layer F.Fab) (width 0.1))
    (fp_line (start 0.88 -2.38) (end 5.6 -2.38) (layer F.SilkS) (width 0.12))
    (fp_line (start 9.41 7.37) (end 12.47 7.37) (layer F.SilkS) (width 0.12))
    (fp_line (start 0.88 7.37) (end 0.88 5.88) (layer F.SilkS) (width 0.12))
    (fp_line (start 12.47 7.37) (end 12.47 -2.37) (layer F.SilkS) (width 0.12))
    (fp_line (start 12.6 9.17) (end 12.6 -4.17) (layer F.CrtYd) (width 0.05))
    (fp_line (start 12.6 -4.17) (end -1.15 -4.17) (layer F.CrtYd) (width 0.05))
    (fp_line (start -1.15 -4.17) (end -1.15 9.17) (layer F.CrtYd) (width 0.05))
    (fp_line (start -1.15 9.17) (end 12.6 9.17) (layer F.CrtYd) (width 0.05))
    (fp_text user %R (at 7.62 2.54 90) (layer F.Fab)
      (effects (font (size 1 1) (thickness 0.15)))
    )
    (pad "" thru_hole circle (at 7.5 -2.3 180) (size 3.24 3.24) (drill 1.8) (layers *.Cu *.Mask))
    (pad "" thru_hole circle (at 7.5 7.3 180) (size 3.24 3.24) (drill 1.8) (layers *.Cu *.Mask))
    (pad 3 thru_hole circle (at 0 5 180) (size 1.8 1.8) (drill 1) (layers *.Cu *.Mask)
      (net 4 "Net-(J3-Pad3)"))
    (pad 2 thru_hole circle (at 0 2.5 180) (size 1.8 1.8) (drill 1) (layers *.Cu *.Mask)
      (net 20 "Net-(J12-Pad1)"))
    (pad 1 thru_hole rect (at 0 0 180) (size 1.8 1.8) (drill 1) (layers *.Cu *.Mask)
      (net 1 GND))
    (model ${KISYS3DMOD}/Potentiometer_THT.3dshapes/Potentiometer_Alpha_RD901F-40-00D_Single_Vertical.wrl
      (at (xyz 0 0 0))
      (scale (xyz 1 1 1))
      (rotate (xyz 0 0 0))
    )
  )

  (module Potentiometer_THT:Potentiometer_Alpha_RD901F-40-00D_Single_Vertical_CircularHoles (layer F.Cu) (tedit 5C6C6C48) (tstamp 5E375EBD)
    (at 154.98 109.22 90)
    (descr "Potentiometer, vertical, 9mm, single, http://www.taiwanalpha.com.tw/downloads?target=products&id=113")
    (tags "potentiometer vertical 9mm single")
    (path /5E3FEA52)
    (fp_text reference RV5 (at -1.905 2.5) (layer F.SilkS)
      (effects (font (size 1 1) (thickness 0.15)))
    )
    (fp_text value 100k (at 0 10.11 270) (layer F.Fab)
      (effects (font (size 1 1) (thickness 0.15)))
    )
    (fp_text user %R (at 7.62 2.54 90) (layer F.Fab)
      (effects (font (size 1 1) (thickness 0.15)))
    )
    (fp_line (start -1.15 9.17) (end 12.6 9.17) (layer F.CrtYd) (width 0.05))
    (fp_line (start -1.15 -4.17) (end -1.15 9.17) (layer F.CrtYd) (width 0.05))
    (fp_line (start 12.6 -4.17) (end -1.15 -4.17) (layer F.CrtYd) (width 0.05))
    (fp_line (start 12.6 9.17) (end 12.6 -4.17) (layer F.CrtYd) (width 0.05))
    (fp_line (start 12.47 7.37) (end 12.47 -2.37) (layer F.SilkS) (width 0.12))
    (fp_line (start 0.88 7.37) (end 0.88 5.88) (layer F.SilkS) (width 0.12))
    (fp_line (start 9.41 7.37) (end 12.47 7.37) (layer F.SilkS) (width 0.12))
    (fp_line (start 0.88 -2.38) (end 5.6 -2.38) (layer F.SilkS) (width 0.12))
    (fp_circle (center 7.5 2.5) (end 7.5 -1) (layer F.Fab) (width 0.1))
    (fp_line (start 1 7.25) (end 1 -2.25) (layer F.Fab) (width 0.1))
    (fp_line (start 12.35 7.25) (end 12.35 -2.25) (layer F.Fab) (width 0.1))
    (fp_line (start 1 -2.25) (end 12.35 -2.25) (layer F.Fab) (width 0.1))
    (fp_line (start 1 7.25) (end 12.35 7.25) (layer F.Fab) (width 0.1))
    (fp_line (start 9.41 -2.37) (end 12.47 -2.37) (layer F.SilkS) (width 0.12))
    (fp_line (start 0.88 7.37) (end 5.6 7.37) (layer F.SilkS) (width 0.12))
    (fp_line (start 0.88 -1.19) (end 0.88 -2.37) (layer F.SilkS) (width 0.12))
    (fp_line (start 0.88 1.71) (end 0.88 1.18) (layer F.SilkS) (width 0.12))
    (fp_line (start 0.88 4.16) (end 0.88 3.33) (layer F.SilkS) (width 0.12))
    (pad 1 thru_hole rect (at 0 0 180) (size 1.8 1.8) (drill 1) (layers *.Cu *.Mask)
      (net 1 GND))
    (pad 2 thru_hole circle (at 0 2.5 180) (size 1.8 1.8) (drill 1) (layers *.Cu *.Mask)
      (net 22 "Net-(J14-Pad2)"))
    (pad 3 thru_hole circle (at 0 5 180) (size 1.8 1.8) (drill 1) (layers *.Cu *.Mask)
      (net 6 "Net-(J5-Pad3)"))
    (pad "" thru_hole circle (at 7.5 7.3 180) (size 3.24 3.24) (drill 1.8) (layers *.Cu *.Mask))
    (pad "" thru_hole circle (at 7.5 -2.3 180) (size 3.24 3.24) (drill 1.8) (layers *.Cu *.Mask))
    (model ${KISYS3DMOD}/Potentiometer_THT.3dshapes/Potentiometer_Alpha_RD901F-40-00D_Single_Vertical.wrl
      (at (xyz 0 0 0))
      (scale (xyz 1 1 1))
      (rotate (xyz 0 0 0))
    )
  )

  (module Potentiometer_THT:Potentiometer_Alpha_RD901F-40-00D_Single_Vertical_CircularHoles (layer F.Cu) (tedit 5C6C6C48) (tstamp 5E375ED9)
    (at 154.98 88.9 90)
    (descr "Potentiometer, vertical, 9mm, single, http://www.taiwanalpha.com.tw/downloads?target=products&id=113")
    (tags "potentiometer vertical 9mm single")
    (path /5E37F5B6)
    (fp_text reference RV6 (at -1.905 2.5) (layer F.SilkS)
      (effects (font (size 1 1) (thickness 0.15)))
    )
    (fp_text value 100k (at 0 10.11 270) (layer F.Fab)
      (effects (font (size 1 1) (thickness 0.15)))
    )
    (fp_text user %R (at 7.62 2.54 90) (layer F.Fab)
      (effects (font (size 1 1) (thickness 0.15)))
    )
    (fp_line (start -1.15 9.17) (end 12.6 9.17) (layer F.CrtYd) (width 0.05))
    (fp_line (start -1.15 -4.17) (end -1.15 9.17) (layer F.CrtYd) (width 0.05))
    (fp_line (start 12.6 -4.17) (end -1.15 -4.17) (layer F.CrtYd) (width 0.05))
    (fp_line (start 12.6 9.17) (end 12.6 -4.17) (layer F.CrtYd) (width 0.05))
    (fp_line (start 12.47 7.37) (end 12.47 -2.37) (layer F.SilkS) (width 0.12))
    (fp_line (start 0.88 7.37) (end 0.88 5.88) (layer F.SilkS) (width 0.12))
    (fp_line (start 9.41 7.37) (end 12.47 7.37) (layer F.SilkS) (width 0.12))
    (fp_line (start 0.88 -2.38) (end 5.6 -2.38) (layer F.SilkS) (width 0.12))
    (fp_circle (center 7.5 2.5) (end 7.5 -1) (layer F.Fab) (width 0.1))
    (fp_line (start 1 7.25) (end 1 -2.25) (layer F.Fab) (width 0.1))
    (fp_line (start 12.35 7.25) (end 12.35 -2.25) (layer F.Fab) (width 0.1))
    (fp_line (start 1 -2.25) (end 12.35 -2.25) (layer F.Fab) (width 0.1))
    (fp_line (start 1 7.25) (end 12.35 7.25) (layer F.Fab) (width 0.1))
    (fp_line (start 9.41 -2.37) (end 12.47 -2.37) (layer F.SilkS) (width 0.12))
    (fp_line (start 0.88 7.37) (end 5.6 7.37) (layer F.SilkS) (width 0.12))
    (fp_line (start 0.88 -1.19) (end 0.88 -2.37) (layer F.SilkS) (width 0.12))
    (fp_line (start 0.88 1.71) (end 0.88 1.18) (layer F.SilkS) (width 0.12))
    (fp_line (start 0.88 4.16) (end 0.88 3.33) (layer F.SilkS) (width 0.12))
    (pad 1 thru_hole rect (at 0 0 180) (size 1.8 1.8) (drill 1) (layers *.Cu *.Mask)
      (net 24 "Net-(J14-Pad5)"))
    (pad 2 thru_hole circle (at 0 2.5 180) (size 1.8 1.8) (drill 1) (layers *.Cu *.Mask)
      (net 21 "Net-(J14-Pad1)"))
    (pad 3 thru_hole circle (at 0 5 180) (size 1.8 1.8) (drill 1) (layers *.Cu *.Mask)
      (net 23 "Net-(J14-Pad3)"))
    (pad "" thru_hole circle (at 7.5 7.3 180) (size 3.24 3.24) (drill 1.8) (layers *.Cu *.Mask))
    (pad "" thru_hole circle (at 7.5 -2.3 180) (size 3.24 3.24) (drill 1.8) (layers *.Cu *.Mask))
    (model ${KISYS3DMOD}/Potentiometer_THT.3dshapes/Potentiometer_Alpha_RD901F-40-00D_Single_Vertical.wrl
      (at (xyz 0 0 0))
      (scale (xyz 1 1 1))
      (rotate (xyz 0 0 0))
    )
  )

  (module Connector_PinSocket_2.54mm:PinSocket_1x05_P2.54mm_Vertical (layer B.Cu) (tedit 5A19A420) (tstamp 5E37786C)
    (at 104.14 71.12 180)
    (descr "Through hole straight socket strip, 1x05, 2.54mm pitch, single row (from Kicad 4.0.7), script generated")
    (tags "Through hole socket strip THT 1x05 2.54mm single row")
    (path /5E36FE28)
    (fp_text reference J10 (at 0 2.77) (layer B.SilkS)
      (effects (font (size 1 1) (thickness 0.15)) (justify mirror))
    )
    (fp_text value Conn_01x05 (at 0 -12.93) (layer B.Fab)
      (effects (font (size 1 1) (thickness 0.15)) (justify mirror))
    )
    (fp_line (start -1.27 1.27) (end 0.635 1.27) (layer B.Fab) (width 0.1))
    (fp_line (start 0.635 1.27) (end 1.27 0.635) (layer B.Fab) (width 0.1))
    (fp_line (start 1.27 0.635) (end 1.27 -11.43) (layer B.Fab) (width 0.1))
    (fp_line (start 1.27 -11.43) (end -1.27 -11.43) (layer B.Fab) (width 0.1))
    (fp_line (start -1.27 -11.43) (end -1.27 1.27) (layer B.Fab) (width 0.1))
    (fp_line (start -1.33 -1.27) (end 1.33 -1.27) (layer B.SilkS) (width 0.12))
    (fp_line (start -1.33 -1.27) (end -1.33 -11.49) (layer B.SilkS) (width 0.12))
    (fp_line (start -1.33 -11.49) (end 1.33 -11.49) (layer B.SilkS) (width 0.12))
    (fp_line (start 1.33 -1.27) (end 1.33 -11.49) (layer B.SilkS) (width 0.12))
    (fp_line (start 1.33 1.33) (end 1.33 0) (layer B.SilkS) (width 0.12))
    (fp_line (start 0 1.33) (end 1.33 1.33) (layer B.SilkS) (width 0.12))
    (fp_line (start -1.8 1.8) (end 1.75 1.8) (layer B.CrtYd) (width 0.05))
    (fp_line (start 1.75 1.8) (end 1.75 -11.9) (layer B.CrtYd) (width 0.05))
    (fp_line (start 1.75 -11.9) (end -1.8 -11.9) (layer B.CrtYd) (width 0.05))
    (fp_line (start -1.8 -11.9) (end -1.8 1.8) (layer B.CrtYd) (width 0.05))
    (fp_text user %R (at 0 -5.08 270) (layer B.Fab)
      (effects (font (size 1 1) (thickness 0.15)) (justify mirror))
    )
    (pad 1 thru_hole rect (at 0 0 180) (size 1.7 1.7) (drill 1) (layers *.Cu *.Mask)
      (net 15 "Net-(J10-Pad1)"))
    (pad 2 thru_hole oval (at 0 -2.54 180) (size 1.7 1.7) (drill 1) (layers *.Cu *.Mask)
      (net 16 "Net-(J10-Pad2)"))
    (pad 3 thru_hole oval (at 0 -5.08 180) (size 1.7 1.7) (drill 1) (layers *.Cu *.Mask)
      (net 17 "Net-(J10-Pad3)"))
    (pad 4 thru_hole oval (at 0 -7.62 180) (size 1.7 1.7) (drill 1) (layers *.Cu *.Mask)
      (net 1 GND))
    (pad 5 thru_hole oval (at 0 -10.16 180) (size 1.7 1.7) (drill 1) (layers *.Cu *.Mask)
      (net 18 "Net-(J10-Pad5)"))
    (model ${KISYS3DMOD}/Connector_PinSocket_2.54mm.3dshapes/PinSocket_1x05_P2.54mm_Vertical.wrl
      (at (xyz 0 0 0))
      (scale (xyz 1 1 1))
      (rotate (xyz 0 0 0))
    )
  )

  (module Connector_PinSocket_2.54mm:PinSocket_1x04_P2.54mm_Vertical (layer B.Cu) (tedit 5A19A429) (tstamp 5E377884)
    (at 104.14 86.36 180)
    (descr "Through hole straight socket strip, 1x04, 2.54mm pitch, single row (from Kicad 4.0.7), script generated")
    (tags "Through hole socket strip THT 1x04 2.54mm single row")
    (path /5E37024C)
    (fp_text reference J11 (at 0 2.77) (layer B.SilkS)
      (effects (font (size 1 1) (thickness 0.15)) (justify mirror))
    )
    (fp_text value Conn_01x04 (at 0 -10.39) (layer B.Fab)
      (effects (font (size 1 1) (thickness 0.15)) (justify mirror))
    )
    (fp_line (start -1.27 1.27) (end 0.635 1.27) (layer B.Fab) (width 0.1))
    (fp_line (start 0.635 1.27) (end 1.27 0.635) (layer B.Fab) (width 0.1))
    (fp_line (start 1.27 0.635) (end 1.27 -8.89) (layer B.Fab) (width 0.1))
    (fp_line (start 1.27 -8.89) (end -1.27 -8.89) (layer B.Fab) (width 0.1))
    (fp_line (start -1.27 -8.89) (end -1.27 1.27) (layer B.Fab) (width 0.1))
    (fp_line (start -1.33 -1.27) (end 1.33 -1.27) (layer B.SilkS) (width 0.12))
    (fp_line (start -1.33 -1.27) (end -1.33 -8.95) (layer B.SilkS) (width 0.12))
    (fp_line (start -1.33 -8.95) (end 1.33 -8.95) (layer B.SilkS) (width 0.12))
    (fp_line (start 1.33 -1.27) (end 1.33 -8.95) (layer B.SilkS) (width 0.12))
    (fp_line (start 1.33 1.33) (end 1.33 0) (layer B.SilkS) (width 0.12))
    (fp_line (start 0 1.33) (end 1.33 1.33) (layer B.SilkS) (width 0.12))
    (fp_line (start -1.8 1.8) (end 1.75 1.8) (layer B.CrtYd) (width 0.05))
    (fp_line (start 1.75 1.8) (end 1.75 -9.4) (layer B.CrtYd) (width 0.05))
    (fp_line (start 1.75 -9.4) (end -1.8 -9.4) (layer B.CrtYd) (width 0.05))
    (fp_line (start -1.8 -9.4) (end -1.8 1.8) (layer B.CrtYd) (width 0.05))
    (fp_text user %R (at 0 -3.81 270) (layer B.Fab)
      (effects (font (size 1 1) (thickness 0.15)) (justify mirror))
    )
    (pad 1 thru_hole rect (at 0 0 180) (size 1.7 1.7) (drill 1) (layers *.Cu *.Mask)
      (net 2 "Net-(J1-Pad3)"))
    (pad 2 thru_hole oval (at 0 -2.54 180) (size 1.7 1.7) (drill 1) (layers *.Cu *.Mask)
      (net 19 "Net-(J11-Pad2)"))
    (pad 3 thru_hole oval (at 0 -5.08 180) (size 1.7 1.7) (drill 1) (layers *.Cu *.Mask)
      (net 1 GND))
    (pad 4 thru_hole oval (at 0 -7.62 180) (size 1.7 1.7) (drill 1) (layers *.Cu *.Mask)
      (net 1 GND))
    (model ${KISYS3DMOD}/Connector_PinSocket_2.54mm.3dshapes/PinSocket_1x04_P2.54mm_Vertical.wrl
      (at (xyz 0 0 0))
      (scale (xyz 1 1 1))
      (rotate (xyz 0 0 0))
    )
  )

  (module Connector_PinSocket_2.54mm:PinSocket_1x02_P2.54mm_Vertical (layer B.Cu) (tedit 5A19A420) (tstamp 5E377A95)
    (at 104.14 99.06 180)
    (descr "Through hole straight socket strip, 1x02, 2.54mm pitch, single row (from Kicad 4.0.7), script generated")
    (tags "Through hole socket strip THT 1x02 2.54mm single row")
    (path /5E3704EB)
    (fp_text reference J12 (at 0 2.77) (layer B.SilkS)
      (effects (font (size 1 1) (thickness 0.15)) (justify mirror))
    )
    (fp_text value Conn_01x02 (at 0 -5.31) (layer B.Fab)
      (effects (font (size 1 1) (thickness 0.15)) (justify mirror))
    )
    (fp_text user %R (at 0 -1.27 270) (layer B.Fab)
      (effects (font (size 1 1) (thickness 0.15)) (justify mirror))
    )
    (fp_line (start -1.8 -4.3) (end -1.8 1.8) (layer B.CrtYd) (width 0.05))
    (fp_line (start 1.75 -4.3) (end -1.8 -4.3) (layer B.CrtYd) (width 0.05))
    (fp_line (start 1.75 1.8) (end 1.75 -4.3) (layer B.CrtYd) (width 0.05))
    (fp_line (start -1.8 1.8) (end 1.75 1.8) (layer B.CrtYd) (width 0.05))
    (fp_line (start 0 1.33) (end 1.33 1.33) (layer B.SilkS) (width 0.12))
    (fp_line (start 1.33 1.33) (end 1.33 0) (layer B.SilkS) (width 0.12))
    (fp_line (start 1.33 -1.27) (end 1.33 -3.87) (layer B.SilkS) (width 0.12))
    (fp_line (start -1.33 -3.87) (end 1.33 -3.87) (layer B.SilkS) (width 0.12))
    (fp_line (start -1.33 -1.27) (end -1.33 -3.87) (layer B.SilkS) (width 0.12))
    (fp_line (start -1.33 -1.27) (end 1.33 -1.27) (layer B.SilkS) (width 0.12))
    (fp_line (start -1.27 -3.81) (end -1.27 1.27) (layer B.Fab) (width 0.1))
    (fp_line (start 1.27 -3.81) (end -1.27 -3.81) (layer B.Fab) (width 0.1))
    (fp_line (start 1.27 0.635) (end 1.27 -3.81) (layer B.Fab) (width 0.1))
    (fp_line (start 0.635 1.27) (end 1.27 0.635) (layer B.Fab) (width 0.1))
    (fp_line (start -1.27 1.27) (end 0.635 1.27) (layer B.Fab) (width 0.1))
    (pad 2 thru_hole oval (at 0 -2.54 180) (size 1.7 1.7) (drill 1) (layers *.Cu *.Mask)
      (net 1 GND))
    (pad 1 thru_hole rect (at 0 0 180) (size 1.7 1.7) (drill 1) (layers *.Cu *.Mask)
      (net 20 "Net-(J12-Pad1)"))
